13
4 1.3482462167739868 0.018464315682649612 0.87502825260162354
25 0.31712558865547180 0.035204779356718063 0.95751106739044189
63 1.6455050706863403 -0.35990113019943237 1.0692757368087769
97 1.7560989856719971 -0.55823832750320435 1.0149853229522705
132 1.6653074026107788 -0.091253511607646942 1.1174978017807007
138 -0.015086596831679344 -0.35914900898933411 1.2845194339752197
147 0.27014887332916260 -0.15040537714958191 0.90570718050003052
151 1.9209831953048706 -0.44279980659484863 1.0091780424118042
157 -0.11021515727043152 -0.19489298760890961 1.3025987148284912
160 2.2132596969604492 -0.33503288030624390 1.0163592100143433
200 2.2430429458618164 -0.57450258731842041 0.96069782972335815
213 1.9147036075592041 -0.13004639744758606 1.1020649671554565
221 0.26109722256660461 -0.32538509368896484 -0.85053557157516479