1305031102.175304 0 0 0 0 0 0 1
1305031102.211214 -0.0038225 0.0104459 0.0222916 -0.00204956 -0.003087 -0.00242855 0.99999
1305031102.275326 -0.0038225 0.0104459 0.0222916 -0.00204956 -0.003087 -0.00242855 0.99999
1305031102.311267 -0.0038225 0.0104459 0.0222916 -0.00204956 -0.003087 -0.00242855 0.99999
1305031102.343233 -0.00772921 0.0108358 0.0366485 -0.00416956 -0.00384879 -0.00118565 0.999983
1305031102.375329 -0.00772921 0.0108358 0.0366485 -0.00416956 -0.00384879 -0.00118565 0.999983
1305031102.411258 -0.00772921 0.0108358 0.0366485 -0.00416956 -0.00384879 -0.00118565 0.999983
1305031102.443271 -0.00757057 0.0178665 0.0438377 -0.00756869 -0.0072564 -0.00105392 0.999945
1305031102.475318 -0.00757057 0.0178665 0.0438377 -0.00756869 -0.0072564 -0.00105392 0.999945
1305031102.511219 -0.00739595 0.0135932 0.0762229 -0.016815 -0.0072258 -0.00183208 0.999831
1305031102.575286 -0.00739595 0.0135932 0.0762229 -0.016815 -0.0072258 -0.00183208 0.999831
1305031102.611233 -0.00739595 0.0135932 0.0762229 -0.016815 -0.0072258 -0.00183208 0.999831
1305031102.675285 -0.00708944 0.0206677 0.0845909 -0.0151723 -0.00763127 0.000186352 0.999856
1305031102.711263 -0.00708944 0.0206677 0.0845909 -0.0151723 -0.00763127 0.000186352 0.999856
1305031102.743234 -0.00708944 0.0206677 0.0845909 -0.0151723 -0.00763127 0.000186352 0.999856
1305031102.775472 -0.00708944 0.0206677 0.0845909 -0.0151723 -0.00763127 0.000186352 0.999856
1305031102.811232 -0.00708944 0.0206677 0.0845909 -0.0151723 -0.00763127 0.000186352 0.999856
1305031102.843290 -0.00559274 0.0233636 0.0973345 -0.015929 -0.0045877 -0.000862067 0.999863
1305031102.875363 -0.00559274 0.0233636 0.0973345 -0.015929 -0.0045877 -0.000862067 0.999863
1305031102.911185 -0.00559274 0.0233636 0.0973345 -0.015929 -0.0045877 -0.000862067 0.999863
1305031102.975203 -0.0175897 0.0272232 0.107463 -0.0161449 -0.00625959 -0.00256221 0.999847
1305031103.011215 -0.0175897 0.0272232 0.107463 -0.0161449 -0.00625959 -0.00256221 0.999847
1305031103.043227 -0.0175897 0.0272232 0.107463 -0.0161449 -0.00625959 -0.00256221 0.999847
1305031103.075319 -0.0175897 0.0272232 0.107463 -0.0161449 -0.00625959 -0.00256221 0.999847
1305031103.111240 -0.0175897 0.0272232 0.107463 -0.0161449 -0.00625959 -0.00256221 0.999847
1305031103.143318 -0.0141943 0.0363905 0.113629 -0.0136648 -0.00773971 -0.00210952 0.999875
1305031103.175452 -0.0141943 0.0363905 0.113629 -0.0136648 -0.00773971 -0.00210952 0.999875
1305031103.243216 -0.0134084 0.0555162 0.124366 -0.0183086 -0.00745996 0.00126414 0.999804
1305031103.275370 -0.0134084 0.0555162 0.124366 -0.0183086 -0.00745996 0.00126414 0.999804
1305031103.311210 -0.0134084 0.0555162 0.124366 -0.0183086 -0.00745996 0.00126414 0.999804
1305031103.343223 -0.0134084 0.0555162 0.124366 -0.0183086 -0.00745996 0.00126414 0.999804
1305031103.375327 -0.0134084 0.0555162 0.124366 -0.0183086 -0.00745996 0.00126414 0.999804
1305031103.411260 -0.0134084 0.0555162 0.124366 -0.0183086 -0.00745996 0.00126414 0.999804
1305031103.443280 -0.0134084 0.0555162 0.124366 -0.0183086 -0.00745996 0.00126414 0.999804
1305031103.475274 -0.0134084 0.0555162 0.124366 -0.0183086 -0.00745996 0.00126414 0.999804
1305031103.511333 -0.0134084 0.0555162 0.124366 -0.0183086 -0.00745996 0.00126414 0.999804
1305031103.543444 -0.0134084 0.0555162 0.124366 -0.0183086 -0.00745996 0.00126414 0.999804
1305031103.575474 -0.0134084 0.0555162 0.124366 -0.0183086 -0.00745996 0.00126414 0.999804
1305031103.611223 -0.0134084 0.0555162 0.124366 -0.0183086 -0.00745996 0.00126414 0.999804
1305031103.643445 -0.0134084 0.0555162 0.124366 -0.0183086 -0.00745996 0.00126414 0.999804
1305031103.675523 -0.0134084 0.0555162 0.124366 -0.0183086 -0.00745996 0.00126414 0.999804
1305031103.711610 -0.0112689 0.052627 0.112074 -0.0162068 -0.0094243 0.00170771 0.999823
1305031103.743326 -0.0112689 0.052627 0.112074 -0.0162068 -0.0094243 0.00170771 0.999823
1305031103.775342 -0.0112689 0.052627 0.112074 -0.0162068 -0.0094243 0.00170771 0.999823
1305031103.811242 -0.0112689 0.052627 0.112074 -0.0162068 -0.0094243 0.00170771 0.999823
1305031103.843251 -0.0112689 0.052627 0.112074 -0.0162068 -0.0094243 0.00170771 0.999823
1305031103.875361 -0.0112689 0.052627 0.112074 -0.0162068 -0.0094243 0.00170771 0.999823
1305031103.911221 -0.0112689 0.052627 0.112074 -0.0162068 -0.0094243 0.00170771 0.999823
1305031103.943211 -0.0110862 0.0473215 0.0980587 -0.0157997 -0.0126264 0.000780046 0.999796
1305031103.975373 -0.0110862 0.0473215 0.0980587 -0.0157997 -0.0126264 0.000780046 0.999796
1305031104.011232 -0.0110862 0.0473215 0.0980587 -0.0157997 -0.0126264 0.000780046 0.999796
1305031104.043249 -0.0110862 0.0473215 0.0980587 -0.0157997 -0.0126264 0.000780046 0.999796
1305031104.075425 -0.0110862 0.0473215 0.0980587 -0.0157997 -0.0126264 0.000780046 0.999796
1305031104.111235 -0.0110862 0.0473215 0.0980587 -0.0157997 -0.0126264 0.000780046 0.999796
1305031104.143230 -0.0116672 0.0407389 0.0861139 -0.0127687 -0.00728057 0.000549003 0.999892
1305031104.175424 -0.0116672 0.0407389 0.0861139 -0.0127687 -0.00728057 0.000549003 0.999892
1305031104.211283 -0.0116672 0.0407389 0.0861139 -0.0127687 -0.00728057 0.000549003 0.999892
1305031104.243196 -0.0116672 0.0407389 0.0861139 -0.0127687 -0.00728057 0.000549003 0.999892
1305031104.275546 -0.0116672 0.0407389 0.0861139 -0.0127687 -0.00728057 0.000549003 0.999892
1305031104.311219 -0.0118042 0.0395811 0.0725158 -0.0085567 -0.00391192 -4.88803e-05 0.999956
1305031104.343342 -0.0118042 0.0395811 0.0725158 -0.0085567 -0.00391192 -4.88803e-05 0.999956
1305031104.375837 -0.0118042 0.0395811 0.0725158 -0.0085567 -0.00391192 -4.88803e-05 0.999956
1305031104.411509 -0.0118042 0.0395811 0.0725158 -0.0085567 -0.00391192 -4.88803e-05 0.999956
1305031104.443288 -0.0165554 0.038471 0.0620508 -0.00794957 -0.000938921 0.000268283 0.999969
1305031104.475456 -0.0165554 0.038471 0.0620508 -0.00794957 -0.000938921 0.000268283 0.999969
1305031104.511329 -0.0165554 0.038471 0.0620508 -0.00794957 -0.000938921 0.000268283 0.999969
1305031104.543368 -0.0165554 0.038471 0.0620508 -0.00794957 -0.000938921 0.000268283 0.999969
1305031104.575343 -0.0165554 0.038471 0.0620508 -0.00794957 -0.000938921 0.000268283 0.999969
1305031104.611336 -0.0165554 0.038471 0.0620508 -0.00794957 -0.000938921 0.000268283 0.999969
1305031104.643243 -0.0165554 0.038471 0.0620508 -0.00794957 -0.000938921 0.000268283 0.999969
1305031104.675525 -0.0165554 0.038471 0.0620508 -0.00794957 -0.000938921 0.000268283 0.999969
1305031104.711277 -0.0179047 0.0363097 0.0519162 0.00589982 0.00734752 0.00164934 0.999955
1305031104.743280 -0.0186126 0.0399026 0.0361944 0.0202127 0.0151365 0.00271028 0.999678
1305031104.775327 -0.0186126 0.0399026 0.0361944 0.0202127 0.0151365 0.00271028 0.999678
1305031104.811465 -0.017818 0.0459882 0.0226539 0.0327209 0.0221304 0.00463262 0.99921
1305031104.843258 -0.017818 0.0459882 0.0226539 0.0327209 0.0221304 0.00463262 0.99921
1305031104.875350 -0.017818 0.0459882 0.0226539 0.0327209 0.0221304 0.00463262 0.99921
1305031104.911534 -0.017818 0.0459882 0.0226539 0.0327209 0.0221304 0.00463262 0.99921
1305031104.943262 -0.017818 0.0459882 0.0226539 0.0327209 0.0221304 0.00463262 0.99921
1305031104.975202 -0.017818 0.0459882 0.0226539 0.0327209 0.0221304 0.00463262 0.99921
1305031105.011290 -0.017818 0.0459882 0.0226539 0.0327209 0.0221304 0.00463262 0.99921
1305031105.043373 -0.017818 0.0459882 0.0226539 0.0327209 0.0221304 0.00463262 0.99921
1305031105.075320 -0.017818 0.0459882 0.0226539 0.0327209 0.0221304 0.00463262 0.99921
1305031105.111299 -0.017818 0.0459882 0.0226539 0.0327209 0.0221304 0.00463262 0.99921
1305031105.143106 -0.017818 0.0459882 0.0226539 0.0327209 0.0221304 0.00463262 0.99921
1305031105.175159 -0.017818 0.0459882 0.0226539 0.0327209 0.0221304 0.00463262 0.99921
1305031105.211268 -0.017818 0.0459882 0.0226539 0.0327209 0.0221304 0.00463262 0.99921
1305031105.243270 -0.017818 0.0459882 0.0226539 0.0327209 0.0221304 0.00463262 0.99921
1305031105.275288 -0.0179385 0.0471203 0.0354571 0.022251 0.0150115 0.00390429 0.999633
1305031105.311290 -0.0179385 0.0471203 0.0354571 0.022251 0.0150115 0.00390429 0.999633
1305031105.343302 -0.0179385 0.0471203 0.0354571 0.022251 0.0150115 0.00390429 0.999633
1305031105.375338 -0.0179385 0.0471203 0.0354571 0.022251 0.0150115 0.00390429 0.999633
1305031105.411286 -0.0179385 0.0471203 0.0354571 0.022251 0.0150115 0.00390429 0.999633
1305031105.443316 -0.0179385 0.0471203 0.0354571 0.022251 0.0150115 0.00390429 0.999633
1305031105.475280 -0.0179385 0.0471203 0.0354571 0.022251 0.0150115 0.00390429 0.999633
1305031105.511332 -0.0151673 0.0486389 0.0472261 0.0178536 0.0115201 0.00421459 0.999766
1305031105.543282 -0.0151673 0.0486389 0.0472261 0.0178536 0.0115201 0.00421459 0.999766
1305031105.575449 -0.0151673 0.0486389 0.0472261 0.0178536 0.0115201 0.00421459 0.999766
1305031105.611378 -0.0149252 0.049936 0.0622106 0.0158688 0.0106785 0.00419508 0.999809
1305031105.643273 -0.0149252 0.049936 0.0622106 0.0158688 0.0106785 0.00419508 0.999809
1305031105.711309 -0.0149252 0.049936 0.0622106 0.0158688 0.0106785 0.00419508 0.999809
1305031105.743312 -0.0149252 0.049936 0.0622106 0.0158688 0.0106785 0.00419508 0.999809
1305031105.775339 -0.0109976 0.05099 0.0743298 0.0155874 0.0148173 0.00397656 0.999762
1305031105.811283 -0.0109976 0.05099 0.0743298 0.0155874 0.0148173 0.00397656 0.999762
1305031105.843271 -0.0109976 0.05099 0.0743298 0.0155874 0.0148173 0.00397656 0.999762
1305031105.875337 -0.0109976 0.05099 0.0743298 0.0155874 0.0148173 0.00397656 0.999762
1305031105.911262 -0.0109976 0.05099 0.0743298 0.0155874 0.0148173 0.00397656 0.999762
1305031105.943272 -0.00862643 0.0539923 0.086665 0.0126712 0.0176686 0.00747244 0.999737
1305031105.975329 -0.00862643 0.0539923 0.086665 0.0126712 0.0176686 0.00747244 0.999737
1305031106.011285 -0.00821486 0.0587151 0.0989101 0.00890933 0.020114 0.00907165 0.999718
1305031106.043355 -0.00821486 0.0587151 0.0989101 0.00890933 0.020114 0.00907165 0.999718
1305031106.075330 -0.00821486 0.0587151 0.0989101 0.00890933 0.020114 0.00907165 0.999718
1305031106.111327 -0.00821486 0.0587151 0.0989101 0.00890933 0.020114 0.00907165 0.999718
1305031106.143355 -0.00884194 0.0640131 0.11063 0.00372195 0.0186282 0.0105917 0.999765
1305031106.175534 -0.00884194 0.0640131 0.11063 0.00372195 0.0186282 0.0105917 0.999765
1305031106.211275 -0.00884194 0.0640131 0.11063 0.00372195 0.0186282 0.0105917 0.999765
1305031106.243267 -0.00884194 0.0640131 0.11063 0.00372195 0.0186282 0.0105917 0.999765
1305031106.276385 -0.00884194 0.0640131 0.11063 0.00372195 0.0186282 0.0105917 0.999765
1305031106.311238 -0.00884194 0.0640131 0.11063 0.00372195 0.0186282 0.0105917 0.999765
1305031106.343258 -0.00884194 0.0640131 0.11063 0.00372195 0.0186282 0.0105917 0.999765
1305031106.375388 -0.00884194 0.0640131 0.11063 0.00372195 0.0186282 0.0105917 0.999765
1305031106.411320 -0.00884194 0.0640131 0.11063 0.00372195 0.0186282 0.0105917 0.999765
1305031106.443278 -0.00884194 0.0640131 0.11063 0.00372195 0.0186282 0.0105917 0.999765
1305031106.475345 -0.00884194 0.0640131 0.11063 0.00372195 0.0186282 0.0105917 0.999765
1305031106.511129 -0.00884194 0.0640131 0.11063 0.00372195 0.0186282 0.0105917 0.999765
1305031106.543302 -0.00884194 0.0640131 0.11063 0.00372195 0.0186282 0.0105917 0.999765
1305031106.575282 -0.00884194 0.0640131 0.11063 0.00372195 0.0186282 0.0105917 0.999765
1305031106.611151 -0.00884194 0.0640131 0.11063 0.00372195 0.0186282 0.0105917 0.999765
1305031106.643207 -0.00884194 0.0640131 0.11063 0.00372195 0.0186282 0.0105917 0.999765
1305031106.675279 -0.00884194 0.0640131 0.11063 0.00372195 0.0186282 0.0105917 0.999765
1305031106.711508 -0.00884194 0.0640131 0.11063 0.00372195 0.0186282 0.0105917 0.999765
1305031106.743341 -0.00884194 0.0640131 0.11063 0.00372195 0.0186282 0.0105917 0.999765
1305031106.775390 -0.00944429 0.0624006 0.0957136 0.00438842 0.0126453 0.00971338 0.999865
1305031106.811289 -0.00944429 0.0624006 0.0957136 0.00438842 0.0126453 0.00971338 0.999865
1305031106.843416 -0.00977794 0.0597576 0.0810236 0.00422008 0.00834642 0.0076538 0.999928
1305031106.875905 -0.00977794 0.0597576 0.0810236 0.00422008 0.00834642 0.0076538 0.999928
1305031106.911243 -0.00977794 0.0597576 0.0810236 0.00422008 0.00834642 0.0076538 0.999928
1305031106.943439 -0.00977794 0.0597576 0.0810236 0.00422008 0.00834642 0.0076538 0.999928
1305031106.975547 -0.0172548 0.0499152 0.0666624 0.00661896 0.0136278 0.00303675 0.999882
1305031107.011576 -0.0172548 0.0499152 0.0666624 0.00661896 0.0136278 0.00303675 0.999882
1305031107.043281 -0.0172548 0.0499152 0.0666624 0.00661896 0.0136278 0.00303675 0.999882
1305031107.075432 -0.0229098 0.0396538 0.0554764 0.00776137 0.0159964 0.00163698 0.999842
1305031107.111229 -0.0229098 0.0396538 0.0554764 0.00776137 0.0159964 0.00163698 0.999842
1305031107.143260 -0.0229098 0.0396538 0.0554764 0.00776137 0.0159964 0.00163698 0.999842
1305031107.175399 -0.0198433 0.0367217 0.0417491 0.00974616 0.0165209 0.00059135 0.999817
1305031107.211358 -0.0198433 0.0367217 0.0417491 0.00974616 0.0165209 0.00059135 0.999817
1305031107.243378 -0.0198433 0.0367217 0.0417491 0.00974616 0.0165209 0.00059135 0.999817
1305031107.275398 -0.0198433 0.0367217 0.0417491 0.00974616 0.0165209 0.00059135 0.999817
1305031107.311226 -0.0198433 0.0367217 0.0417491 0.00974616 0.0165209 0.00059135 0.999817
1305031107.343509 -0.0185735 0.0302469 0.0316882 0.0187507 0.0202756 0.000106582 0.999619
1305031107.375413 -0.0185735 0.0302469 0.0316882 0.0187507 0.0202756 0.000106582 0.999619
1305031107.411271 -0.0185735 0.0302469 0.0316882 0.0187507 0.0202756 0.000106582 0.999619
1305031107.443419 -0.0185735 0.0302469 0.0316882 0.0187507 0.0202756 0.000106582 0.999619
1305031107.475377 -0.0185735 0.0302469 0.0316882 0.0187507 0.0202756 0.000106582 0.999619
1305031107.511352 -0.0185735 0.0302469 0.0316882 0.0187507 0.0202756 0.000106582 0.999619
1305031107.543605 -0.0185735 0.0302469 0.0316882 0.0187507 0.0202756 0.000106582 0.999619
1305031107.575454 -0.0185735 0.0302469 0.0316882 0.0187507 0.0202756 0.000106582 0.999619
1305031107.611271 -0.0185735 0.0302469 0.0316882 0.0187507 0.0202756 0.000106582 0.999619
1305031107.643323 -0.0185735 0.0302469 0.0316882 0.0187507 0.0202756 0.000106582 0.999619
1305031107.675568 -0.0185735 0.0302469 0.0316882 0.0187507 0.0202756 0.000106582 0.999619
1305031107.711307 -0.0185735 0.0302469 0.0316882 0.0187507 0.0202756 0.000106582 0.999619
1305031107.743538 -0.0185735 0.0302469 0.0316882 0.0187507 0.0202756 0.000106582 0.999619
1305031107.775802 -0.0185735 0.0302469 0.0316882 0.0187507 0.0202756 0.000106582 0.999619
1305031107.811596 -0.0185735 0.0302469 0.0316882 0.0187507 0.0202756 0.000106582 0.999619
1305031107.843332 -0.0185735 0.0302469 0.0316882 0.0187507 0.0202756 0.000106582 0.999619
1305031107.875358 -0.0185735 0.0302469 0.0316882 0.0187507 0.0202756 0.000106582 0.999619
1305031107.911541 -0.0185735 0.0302469 0.0316882 0.0187507 0.0202756 0.000106582 0.999619
1305031107.943122 -0.0185735 0.0302469 0.0316882 0.0187507 0.0202756 0.000106582 0.999619
1305031107.975807 -0.0185735 0.0302469 0.0316882 0.0187507 0.0202756 0.000106582 0.999619
1305031108.011320 -0.0185735 0.0302469 0.0316882 0.0187507 0.0202756 0.000106582 0.999619
1305031108.043418 -0.0185735 0.0302469 0.0316882 0.0187507 0.0202756 0.000106582 0.999619
1305031108.075352 -0.0185735 0.0302469 0.0316882 0.0187507 0.0202756 0.000106582 0.999619
1305031108.111378 -0.0185735 0.0302469 0.0316882 0.0187507 0.0202756 0.000106582 0.999619
1305031108.143334 -0.0185735 0.0302469 0.0316882 0.0187507 0.0202756 0.000106582 0.999619
1305031108.176058 -0.0185735 0.0302469 0.0316882 0.0187507 0.0202756 0.000106582 0.999619
1305031108.211475 -0.00421026 0.031871 0.0335114 0.01399 0.0213817 0.00161165 0.999673
1305031108.243347 -0.00421026 0.031871 0.0335114 0.01399 0.0213817 0.00161165 0.999673
1305031108.275358 -0.00421026 0.031871 0.0335114 0.01399 0.0213817 0.00161165 0.999673
1305031108.311332 -0.00421026 0.031871 0.0335114 0.01399 0.0213817 0.00161165 0.999673
1305031108.343278 -0.00421026 0.031871 0.0335114 0.01399 0.0213817 0.00161165 0.999673
1305031108.375410 -0.000235813 0.0337652 0.03838 0.00875291 0.0207948 0.00669815 0.999724
1305031108.411361 -0.000235813 0.0337652 0.03838 0.00875291 0.0207948 0.00669815 0.999724
1305031108.443610 -0.000235813 0.0337652