1.000000e+00 0.000000e+00 0.000000e+00 0.000000e+00 0.000000e+00 1.000000e+00 0.000000e+00 0.000000e+00 0.000000e+00 0.000000e+00 1.000000e+00 0.000000e+00
9.999986e-01 6.347209e-04 1.533105e-03 -4.096669e-02 -6.387310e-04 9.999964e-01 2.616603e-03 -2.579156e-02 -1.531438e-03 -2.617579e-03 9.999954e-01 1.030748e+00
1.000000e+00 -7.668103e-05 -8.915551e-05 3.861433e-02 7.697538e-05 9.999946e-01 3.305949e-03 -7.403769e-02 8.890161e-05 -3.305956e-03 9.999946e-01 2.374553e+00
9.999998e-01 4.707169e-04 -4.450913e-04 5.272100e-02 -4.696942e-04 9.999973e-01 2.295076e-03 -1.020782e-01 4.461705e-04 -2.294866e-03 9.999973e-01 3.518552e+00
9.999983e-01 4.349670e-04 -1.784158e-03 1.300785e-01 -4.298274e-04 9.999958e-01 2.880064e-03 -1.314409e-01 1.785404e-03 -2.879292e-03 9.999943e-01 4.667875e+00
9.999951e-01 1.696826e-04 -3.109625e-03 2.129616e-01 -1.579721e-04 9.999929e-01 3.765740e-03 -1.371586e-01 3.110242e-03 -3.765230e-03 9.999881e-01 5.796578e+00
9.999858e-01 -1.067045e-03 -5.216682e-03 3.752552e-01 1.094600e-03 9.999855e-01 5.282122e-03 -1.437658e-01 5.210971e-03 -5.287757e-03 9.999724e-01 6.828494e+00
9.999750e-01 -2.816265e-04 -7.064274e-03 4.962669e-01 3.261283e-04 9.999801e-01 6.299198e-03 -1.744456e-01 7.062360e-03 -6.301344e-03 9.999552e-01 8.061013e+00
9.999741e-01 5.469755e-04 -7.167020e-03 5.827029e-01 -5.120910e-04 9.999880e-01 4.868306e-03 -1.470785e-01 7.169597e-03 -4.864510e-03 9.999625e-01 8.474901e+00
9.999625e-01 3.187338e-03 -8.048820e-03 7.769478e-01 -3.158906e-03 9.999887e-01 3.542657e-03 -1.502066e-01 8.060021e-03 -3.517098e-03 9.999614e-01 9.367221e+00
9.999239e-01 7.207810e-03 -1.000351e-02 9.169667e-01 -7.171717e-03 9.999676e-01 3.639285e-03 -1.734332e-01 1.002942e-02 -3.567265e-03 9.999434e-01 1.044163e+01
9.998844e-01 9.245041e-03 -1.206843e-02 1.015185e+00 -9.195065e-03 9.999489e-01 4.189980e-03 -1.988831e-01 1.210655e-02 -4.078525e-03 9.999185e-01 1.160800e+01
9.998776e-01 9.695316e-03 -1.227319e-02 1.061391e+00 -9.619931e-03 9.999346e-01 6.186517e-03 -2.435417e-01 1.233236e-02 -6.067693e-03 9.999057e-01 1.281787e+01
9.999092e-01 7.319063e-03 -1.131347e-02 1.055271e+00 -7.208251e-03 9.999260e-01 9.804785e-03 -2.825007e-01 1.138439e-02 -9.722346e-03 9.998881e-01 1.399224e+01
9.998987e-01 4.433599e-03 -1.352418e-02 1.196373e+00 -4.266988e-03 9.999149e-01 1.232367e-02 -3.368505e-01 1.357767e-02 -1.226472e-02 9.998327e-01 1.522687e+01
9.998540e-01 3.418694e-03 -1.674118e-02 1.391190e+00 -3.235767e-03 9.999349e-01 1.094174e-02 -3.824256e-01 1.677749e-02 -1.088597e-02 9.998001e-01 1.635967e+01
9.998088e-01 3.272950e-03 -1.927475e-02 1.559389e+00 -3.081105e-03 9.999455e-01 9.974471e-03 -4.298681e-01 1.930634e-02 -9.913177e-03 9.997646e-01 1.750493e+01
9.997521e-01 1.026914e-02 -1.974941e-02 1.834624e+00 -1.010119e-02 9.999121e-01 8.584773e-03 -4.821186e-01 1.983583e-02 -8.383152e-03 9.997682e-01 1.787284e+01
9.997199e-01 1.292227e-02 -1.982597e-02 1.891235e+00 -1.271170e-02 9.998618e-01 1.071013e-02 -4.796185e-01 1.996162e-02 -1.045511e-02 9.997461e-01 1.898087e+01
9.997215e-01 1.364381e-02 -1.924801e-02 2.044009e+00 -1.336411e-02 9.998042e-01 1.458606e-02 -4.469805e-01 1.944325e-02 -1.432477e-02 9.997084e-01 1.920843e+01
9.997744e-01 9.437072e-03 -1.902101e-02 2.298916e+00 -9.135177e-03 9.998318e-01 1.589652e-02 -2.945284e-01 1.916783e-02 -1.571918e-02 9.996927e-01 1.949501e+01
0.000000e+00 2.819582e-31 0.000000e+00 6.913430e-310 6.952782e-310 6.913430e-310 0.000000e+00 6.952782e-310 6.952782e-310 6.952782e-310 6.952782e-310 1.471706e-304
6.952782e-310 6.952782e-310 6.952782e-310 1.471080e-304 1.054866e-304 0.000000e+00 5.443228e-317 1.259867e-321 6.952782e-310 6.913430e-310 0.000000e+00 6.913430e-310
7.468462e-317 6.952782e-310 2.970794e-313 6.790387e-313 7.468628e-317 6.952782e-310 4.940656e-324 2.819582e-31 2.470328e-322 0.000000e+00 7.341736e-317 6.952782e-310
7.905050e-323 1.581010e-322 6.952782e-310 6.913430e-310 0.000000e+00 6.913430e-310 -nan 6.952782e-310 0.000000e+00 1.018558e-312 0.000000e+00 0.000000e+00
4.495997e-322 0.000000e+00 0.000000e+00 2.631275e-312 0.000000e+00 0.000000e+00 2.173889e-322 0.000000e+00 0.000000e+00 6.913471e-310 1.581010e-322 0.000000e+00
0.000000e+00 1.581010e-322 1.225283e-321 6.952782e-310 6.952782e-310 6.952782e-310 3.952525e-323 6.913470e-310 6.952782e-310 2.819582e-31 6.952782e-310 1.531604e-322
1.225283e-321 1.581010e-322 1.225283e-321 6.952782e-310 6.952782e-310 6.913431e-310 6.952782e-310 6.952782e-310 6.952782e-310 7.517661e-304 2.121996e-314 6.952782e-310
7.568596e-317 6.952719e-310 7.568619e-317 6.952719e-310 0.000000e+00 3.952525e-323 3.112614e-322 6.913250e-310 6.952782e-310 2.819582e-31 6.952782e-310 6.324040e-322
5.533535e-322 6.952782e-310 4.940656e-324 5.533535e-322 6.952782e-310 6.913431e-310 3.952525e-323 6.952782e-310 6.952782e-310 3.952525e-323 2.121996e-314 1.697597e-313
1.698426e-313 6.790387e-313 2.173889e-322 0.000000e+00 0.000000e+00 3.952525e-323 0.000000e+00 1.581010e-322 6.952782e-310 6.952782e-310 6.952782e-310 6.952782e-310
6.952782e-310 6.952782e-310 6.952782e-310 6.952782e-310 6.952782e-310 6.952782e-310 6.952782e-310 5.263544e-315 6.952719e-310 5.263544e-315 1.581010e-322 5.263544e-315
1.581010e-322 5.263544e-315 1.581010e-322 5.263544e-315 1.581010e-322 5.263544e-315 1.581010e-322 5.263544e-315 6.952719e-310 5.263544e-315 6.952719e-310 6.952782e-310
6.952782e-310 6.952782e-310 6.952782e-310 0.000000e+00 6.952782e-310 6.952782e-310 6.952782e-310 0.000000e+00 1.581010e-322 0.000000e+00 6.952719e-310 0.000000e+00
6.952719e-310 0.000000e+00 6.952719e-310 0.000000e+00 6.952719e-310 6.913457e-310 -nan 2.964394e-322 6.952782e-310 6.913457e-310 6.952719e-310 4.940656e-324
2.618548e-322 3.952525e-323 4.891250e-322 0.000000e+00 0.000000e+00 5.138283e-322 -nan 1.882390e-321 2.964394e-323 2.964394e-323 6.952782e-310 9.881313e-324
1.882390e-321 6.913457e-310 0.000000e+00 0.000000e+00 8.280540e-321 3.557273e-322 -nan 1.778636e-321 0.000000e+00 6.913457e-310 1.778636e-321 0.000000e+00
2.964394e-323 6.913457e-310 4.743030e-322 2.010847e-321 8.280540e-321 2.885343e-321 9.184680e-321 6.913457e-310 1.976263e-323 4.743030e-322 6.916919e-322 9.041401e-322
6.952782e-310 0.000000e+00 0.000000e+00 6.693215e-317 0.000000e+00 6.691111e-317 0.000000e+00 6.913457e-310 0.000000e+00 6.913457e-310 6.952782e-310 6.913457e-310
6.691127e-317 6.952782e-310 6.952782e-310 6.952782e-310 6.952782e-310 6.952782e-310 2.123647e-314 6.952782e-310 9.881313e-324 6.691127e-317 7.213358e-322 2.070135e-321
7.213358e-322 2.070135e-321 7.410985e-322 2.845818e-321 4.594811e-322 2.544438e-321 4.446591e-322 2.070135e-321 6.952782e-310 2.819582e-31 7.064712e-317 2.470328e-323
3.952525e-323 4.940656e-324 6.952782e-310 6.913457e-310 6.657641e-317 6.952782e-310 3.952525e-323 0.000000e+00 4.446591e-323 6.952782e-310 0.000000e+00 6.913457e-310
6.952782e-310 6.952782e-310 3.182994e-313 2.121996e-314 6.952782e-310 4.446591e-323 4.446591e-323 4.446591e-323 0.000000e+00 4.446591e-323 2.964394e-323 6.913431e-310
4.940656e-324 6.913431e-310 7.342108e-317 6.952782e-310 0.000000e+00 7.291948e-304 6.952782e-310 6.952782e-310 6.952782e-310 7.650219e-68 0.000000e+00 1.471094e-304
7.123794e-317 0.000000e+00 7.130482e-317 0.000000e+00 6.952782e-310 6.952782e-310 6.952782e-310 0.000000e+00 6.952719e-310 0.000000e+00 6.952719e-310 6.324040e-322
2.334195e-313 3.112614e-322 3.182994e-313 0.000000e+00 6.952719e-310 0.000000e+00 3.952525e-323 6.324040e-322 7.291122e-304 3.112614e-322 6.952719e-310 0.000000e+00
3.952525e-323 0.000000e+00 3.952525e-323 6.324040e-322 3.952525e-323 3.112614e-322 2.121996e-314 0.000000e+00 6.952719e-310 0.000000e+00 6.952719e-310 6.324040e-322
3.952525e-323 3.112614e-322 3.952525e-323 0.000000e+00 6.952719e-310 0.000000e+00 6.952719e-310 6.324040e-322 6.952719e-310 3.112614e-322 6.952719e-310 0.000000e+00
6.365987e-314 0.000000e+00 1.485397e-313 6.324040e-322 3.952525e-323 3.112614e-322 3.952525e-323 0.000000e+00 3.952525e-323 0.000000e+00 6.952719e-310 6.324040e-322
6.952719e-310 3.112614e-322 2.135403e-304 0.000000e+00 1.185758e-322 2.446607e-266 6.952782e-310 0.000000e+00 0.000000e+00 6.657641e-317 -1.584159e+266 -7.574940e+261
0.000000e+00 6.952782e-310 6.952782e-310 7.131407e-317 0.000000e+00 7.341736e-317 7.206046e-317 6.913431e-310 7.131407e-317 0.000000e+00 6.913432e-310 0.000000e+00
4.940656e-324 6.913431e-310 7.131407e-317 7.341736e-317 7.206046e-317 9.881313e-324 2.964394e-323 0.000000e+00 3.458460e-323 0.000000e+00 4.446591e-323 3.458460e-323
4.446591e-323 9.336781e-313 0.000000e+00 6.952719e-310 6.952782e-310 2.514794e-321 1.877449e-322 2.885343e-321 8.280540e-321 1.778636e-321 8.280540e-321 1.793458e-321
8.754843e-321 1.872509e-321 9.184680e-321 2.010847e-321 9.560170e-321 2.154126e-321 9.940601e-321 2.356693e-321 1.027162e-320 2.608667e-321 1.054336e-320 3.858653e-321
1.130422e-320 4.253905e-321 1.138327e-320 4.683742e-321 1.138327e-320 6.913430e-310 6.952782e-310 6.952782e-310 6.952782e-310 0.000000e+00 0.000000e+00 0.000000e+00
6.952782e-310 7.905050e-323 3.952525e-323 6.913431e-310 7.062099e-317 7.905050e-323 6.952782e-310 7.905050e-323 3.952525e-323 6.913431e-310 6.952782e-310 7.905050e-323
6.952782e-310 6.952782e-310 6.952782e-310 6.952782e-310 6.952782e-310 7.543031e-317 0.000000e+00 7.131766e-317 0.000000e+00 0.000000e+00 6.952782e-310 6.952782e-310
6.952782e-310 -nan 0.000000e+00 0.000000e+00 0.000000e+00 4.940656e-324 1.581010e-321 3.952525e-323 3.458460e-323 0.000000e+00 0.000000e+00 0.000000e+00
0.000000e+00 0.000000e+00 0.000000e+00 0.000000e+00 0.000000e+00 2.819582e-31 0.000000e+00 2.819582e-31 4.940656e-324 3.952525e-323 6.952782e-310 9.881313e-324
6.952782e-310 3.952525e-323 6.952782e-310 6.913431e-310 4.940656e-324 0.000000e+00 7.341736e-317 6.952782e-310 7.206046e-317 6.913431e-310 7.064775e-317 7.341736e-317
7.206046e-317 6.952782e-310 0.000000e+00 6.952719e-310 2.121996e-314 6.952782e-310 6.952782e-310 1.581010e-322 3.952525e-323 4.940656e-324 6.952782e-310 9.881313e-324
0.000000e+00 6.952782e-310 6.952719e-310 6.952782e-310 6.952782e-310 6.952782e-310 6.952782e-310 6.952782e-310 6.952782e-310 0.000000e+00 3.952525e-323 6.952782e-310
0.000000e+00 0.000000e+00 5.484129e-322 2.218136e+130 7.131766e-317 0.000000e+00 0.000000e+00 0.000000e+00 0.000000e+00 0.000000e+00 0.000000e+00 0.000000e+00
0.000000e+00 4.940656e-324 6.952782e-310 6.952782e-310 6.952782e-310 7.543031e-317 0.000000e+00 7.131766e-317 0.000000e+00 0.000000e+00 6.952782e-310 6.952782e-310
6.952782e-310 7.064775e-317 0.000000e+00 0.000000e+00 6.952782e-310 6.952782e-310 6.952782e-310 7.065083e-317 0.000000e+00 0.000000e+00 7.416159e-317 7.416269e-317
7.416380e-317 7.416491e-317 0.000000e+00 0.000000e+00 0.000000e+00 0.000000e+00 6.952782e-310 6.952782e-310 6.952782e-310 6.365987e-314 2.334195e-313 1.485397e-313
3.182994e-313 6.952782e-310 2.529616e-321 1.188318e-311 3.162020e-322 3.952525e-323 2.503955e-312 4.940656e-324 0.000000e+00 2.631275e-312 0.000000e+00 0.000000e+00
0.000000e+00 0.000000e+00 0.000000e+00 6.913471e-310 0.000000e+00 0.000000e+00 6.952782e-310 6.952782e-310 0.000000e+00 6.913470e-310 0.000000e+00 1.618954e-319
6.952782e-310 6.913471e-310 7.144695e-317 6.913430e-310 0.000000e+00 0.000000e+00 6.952782e-310 6.952782e-310 6.952782e-310 7.543031e-317 0.000000e+00 7.131766e-317
0.000000e+00 0.000000e+00 6.952782e-310 6.952782e-310 6.952782e-310 7.558303e-317 0.000000e+00 7.543082e-317 0.000000e+00 0.000000e+00 0.000000e+00 0.000000e+00
0.000000e+00 0.000000e+00 0.000000e+00 1.683713e-317 6.690724e-317 6.693190e-317 6.692732e-317 1.284571e-321 1.485397e-313 3.458460e-323 6.824493e-317 6.488465e-319
0.000000e+00 0.000000e+00 0.000000e+00 3.458460e-323 4.446591e-323 2.781448e-309 1.390741e-309 1.025315e-304 9.035119e-309 6.366376e-314 2.334195e-313 1.485397e-313
3.182994e-313 7.341736e-317 6.952782e-310 0.000000e+00 6.952782e-310 6.952782e-310 6.952782e-310 4.940656e-324 6.952782e-310 7.342108e-317 7.341736e-317 6.913430e-310
0.000000e+00 6.913430e-310 6.952782e-310 2.470328e-323 0.000000e+00 2.819580e-31 6.913457e-310 6.952782e-310 1.358077e-312 0.000000e+00 6.952782e-310 8.094772e-320
6.952782e-310 4.446591e-323 6.952782e-310 6.952782e-310 6.952782e-310 6.952782e-310 6.952782e-310 6.952782e-310 6.952782e-310 6.952782e-310 6.952782e-310 -nan
0.000000e+00 0.000000e+00 9.881313e-324 5.731161e-322 6.952719e-310 6.952782e-310 9.881313e-324 1.161054e-321 6.952719e-310 6.952782e-310 1.482197e-323 1.037538e-322
6.952719e-310 6.952782e-310 1.482197e-323 -nan 2.121993e-314 6.952782e-310 1.976263e-323 3.705492e-322 1.454085e-319 6.952782e-310 1.976263e-323 -nan
6.952931e-310 6.952782e-310 1.976263e-323 -nan 6.952931e-310 6.952782e-310 1.976263e-323 -nan 6.952931e-310 6.952782e-310 1.482197e-323 -nan
2.121986e-314 6.952782e-310 1.482197e-323 -nan 2.121992e-314 6.952782e-310 1.976263e-323 -nan 6.952931e-310 6.952782e-310 2.470328e-323 5.978194e-322
6.952719e-310 6.952782e-310 2.470328e-323 -nan 6.952931e-310 6.952782e-310 2.470328e-323 -nan 6.952931e-310 6.952782e-310 2.470328e-323 -nan
6.952931e-310 6.952782e-310 1.976263e-323 -nan 2.121989e-314 6.952782e-310 1.976263e-323 -nan 6.952931e-310 6.952782e-310 1.482197e-323 -nan
6.952931e-310 6.952782e-310 9.881313e-324 -nan 2.121987e-314 6.952782e-310 9.881313e-324 1.146232e-321 2.045333e-319 6.952782e-310 4.940656e-324 -nan
6.952931e-310 6.952782e-310 4.940656e-324 7.707424e-322 4.438686e-319 6.952782e-310 0.000000e+00 -nan 6.952931e-310 6.952782e-310 4.940656e-324 -nan
2.121979e-314 6.952782e-310 2.470328e-323 6.818106e-322 6.952719e-310 6.952782e-310 2.964394e-323 3.507866e-322 6.952719e-310 0.000000e+00 2.964394e-323 1.264808e-321
6.952719e-310 0.000000e+00 2.964394e-323 1.264808e-321 6.952719e-310 0.000000e+00 2.964394e-323 1.264808e-321 6.952719e-310 0.000000e+00 2.964394e-323 4.891250e-322
7.614046e-320 0.000000e+00 2.470328e-323 1.200580e-321 6.952719e-310 0.000000e+00 2.470328e-323 1.264808e-321 6.952719e-310 0.000000e+00 2.470328e-323 1.264808e-321
5.372322e-319 0.000000e+00 2.470328e-323 7.509798e-322 1.406210e-319 0.000000e+00 9.881313e-324 -nan 2.121980e-314 6.952782e-310 4.940656e-324 -nan
6.952931e-310 6.952782e-310 4.940656e-324 -nan 6.952931e-310 6.952782e-310 4.940656e-324 -nan 6.952931e-310 6.952782e-310 0.000000e+00 6.952782e-310
3.952525e-323 6.913431e-310 7.061763e-317 6.913250e-310 6.952782e-310 6.913430e-310 6.899033e-310 6.913430e-310 6.952782e-310 0.000000e+00 6.952782e-310 0.000000e+00
2.470328e-322 2.819582e-31 2.964394e-323 6.952782e-310 6.952782e-310 6.913430e-310 6.952782e-310 6.952719e-310 7.341736e-317 6.913430e-310 3.162020e-322 6.952719e-310
7.341736e-317 3.162020e-322 2.121996e-314 6.913430e-310 6.952782e-310 2.964394e-323 7.341736e-317 6.952782e-310 7.574082e-317 6.913430e-310 7.206519e-317 0.000000e+00
7.130990e-317 0.000000e+00 6.952782e-310 2.819582e-31 6.952719e-310 6.952782e-310 6.952782e-310 6.913430e-310 6.952782e-310 6.913250e-310 7.341736e-317 7.905050e-323
0.000000e+00 6.913430e-310 0.000000e+00 0.000000e+00 6.952782e-310 6.913430e-310 6.952782e-310 7.341736e-317 6.952782e-310 6.952782e-310 2.913454e-312 0.000000e+00
6.952782e-310 7.341899e-317 0.000000e+00 0.000000e+00 6.952782e-310 6.913430e-310 6.952782e-310 7.572797e-317 6.952782e-310 6.913430e-310 6.952782e-310 6.952782e-310
6.952782e-310 6.913430e-310 0.000000e+00 6.913430e-310 6.952782e-310 2.964394e-323 6.952782e-310 6.913430e-310 7.123800e-317 0.000000e+00 6.952782e-310 0.000000e+00
0.000000e+00 2.819582e-31 6.952782e-310 6.952782e-310 6.952782e-310 6.913430e-310 1.232886e-304 1.976263e-323 7.341736e-317 2.819582e-31 6.952782e-310 6.913430e-310
6.952782e-310 6.913430e-310 6.952782e-310 6.952782e-310 6.952782e-310 7.341736e-317 6.952782e-310 7.341899e-317 7.077463e-317 0.000000e+00 6.913430e-310 7.341736e-317
6.952782e-310 0.000000e+00 6.952782e-310 6.952782e-310 0.000000e+00 6.913430e-310 6.952782e-310 2.819582e-31 0.000000e+00 4.940656e-324 0.000000e+00 6.913250e-310
0.000000e+00 6.952719e-310 0.000000e+00 6.913250e-310 2.470328e-322 2.819582e-31 6.952782e-310 6.952782e-310 6.952782e-310 3.162020e-322 6.952782e-310 6.952782e-310
6.952782e-310 6.913430e-310 2.964394e-323 6.913250e-310 7.341736e-317 6.952719e-310 6.952782e-310 1.976263e-323 0.000000e+00 6.952719e-310 1.581010e-322 7.077463e-317
4.251074e-314 0.000000e+00 6.952782e-310 8.487983e-314 7.130585e-317 6.913430e-310 6.952782e-310 0.000000e+00 6.952782e-310 0.000000e+00 6.952782e-310 2.819582e-31
4.940656e-324 6.952782e-310 6.952782e-310 6.913430e-310 0.000000e+00 6.913250e-310 7.341736e-317 1.581010e-322 0.000000e+00 3.162020e-322 0.000000e+00 6.913250e-310
2.964394e-323 2.819582e-31 2.964394e-323 6.952782e-310 6.952782e-310 7.130585e-317 7.077463e-317 0.000000e+00 6.952782e-310 6.913430e-310 6.952782e-310 6.952719e-310
7.341736e-317 3.162020e-322 7.572797e-317 1.976263e-323 0.000000e+00 0.000000e+00 0.000000e+00 4.940656e-324 0.000000e+00 4.940656e-324 0.000000e+00 6.913250e-310
0.000000e+00 6.913250e-310 7.558265e-317 2.819582e-31 2.964394e-323 6.952782e-310 6.952782e-310 3.162020e-322 6.952782e-310 6.952782e-310 6.952782e-310 6.913430e-310
0.000000e+00 6.913250e-310 7.341736e-317 6.952719e-310 6.952782e-310 1.482197e-323 0.000000e+00 6.913250e-310 1.581010e-322 7.077463e-317 4.243992e-314 0.000000e+00
6.952782e-310 8.487983e-314 7.130585e-317 0.000000e+00 6.952782e-310 6.913430e-310 -nan 1.500666e-304 2.173889e-322 0.000000e+00 4.940656e-324 6.913250e-310
0.000000e+00 2.819580e-31 0.000000e+00 1.581010e-322 0.000000e+00 6.952719e-310 0.000000e+00 3.162020e-322 0.000000e+00 6.913250e-310 6.952782e-310 2.819582e-31
7.341708e-317 6.952782e-310 6.952782e-310 7.130585e-317 6.952782e-310 6.917599e-317 6.952782e-310 6.913430e-310 6.952782e-310 4.940656e-324 7.341736e-317 6.913250e-310
7.572797e-317 1.976263e-323 0.000000e+00 0.000000e+00 7.069815e-317 0.000000e+00 6.952782e-310 2.819582e-31 7.573979e-317 0.000000e+00 7.573979e-317 0.000000e+00
0.000000e+00 2.819580e-31 7.082348e-317 6.952782e-310 6.952782e-310 6.952782e-310 0.000000e+00 7.081115e-317 2.470328e-322 0.000000e+00 0.000000e+00 4.940656e-324
0.000000e+00 6.913250e-310 4.940656e-324 1.976263e-323 0.000000e+00 6.952719e-310 0.000000e+00 2.819582e-31 0.000000e+00 0.000000e+00 7.573979e-317 7.341736e-317
4.940656e-324 6.952782e-310 6.952782e-310 6.913430e-310 0.000000e+00 6.952782e-310 2.964394e-323 0.000000e+00 4.940656e-324 4.940656e-324 4.940656e-324 2.819582e-31
3.162020e-322 2.121996e-314 3.162020e-322 6.952782e-310 5.039470e-322 6.952782e-310 2.121996e-314 6.913430e-310 6.952782e-310 2.819582e-31 0.000000e+00 6.952782e-310
6.787889e-317 7.573003e-317 7.206576e-317 6.952782e-310 7.341736e-317 6.913430e-310 6.952782e-310 6.952782e-310 6.952782e-310 6.952782e-310 6.952782e-310 7.080909e-317
6.952782e-310 7.341899e-317 7.077463e-317 6.913430e-310 6.952782e-310 6.913430e-310 6.952782e-310 4.446591e-323 -nan 2.819582e-31 6.952782e-310 6.913430e-310
6.952782e-310 6.952782e-310 6.952782e-310 6.952782e-310 6.952782e-310 2.819582e-31 0.000000e+00 2.819582e-31 6.952782e-310 6.913430e-310 6.952782e-310 7.341736e-317
6.952782e-310 6.952782e-310 7.070431e-317 6.913430e-310 0.000000e+00 0.000000e+00 6.952782e-310 6.913430e-310 0.000000e+00 2.819582e-31 6.952782e-310 2.819582e-31
6.952782e-310 7.341899e-317 7.080909e-317 7.080909e-317 7.080909e-317 6.913430e-310 6.952782e-310 7.126008e-317 6.952782e-310 6.952782e-310 6.952782e-310 1.471080e-304
1.514121e-304 0.000000e+00 7.077463e-317 6.913430e-310 6.952782e-310 7.125340e-317 0.000000e+00 2.819580e-31 6.952782e-310 6.952782e-310 6.952782e-310 2.819582e-31
6.952782e-310 0.000000e+00 7.545398e-317 7.130585e-317 7.341736e-317 6.952782e-310 6.952782e-310 6.913430e-310 7.341736e-317 6.913430e-310 0.000000e+00 6.952782e-310
7.573003e-317 6.952782e-310 7.341736e-317 6.913430e-310 6.952782e-310 6.913430e-310 0.000000e+00 0.000000e+00 0.000000e+00 -nan 6.952782e-310 7.052965e-317
0.000000e+00 3.237958e-319 0.000000e+00 6.952931e-310 0.000000e+00 0.000000e+00 6.952782e-310 7.573026e-317 6.952782e-310 6.913432e-310 6.952782e-310 6.952782e-310
6.952782e-310 7.130585e-317 6.952782e-310 7.130585e-317 0.000000e+00 0.000000e+00 0.000000e+00 2.121996e-314 6.828224e-317 6.913430e-310 6.952782e-310 9.881313e-324
6.952782e-310 7.341736e-317 6.952782e-310 2.819582e-31 6.913432e-310 2.819582e-31 4.940656e-324 -nan 6.913432e-310 0.000000e+00 6.338714e-319 6.913430e-310
6.952782e-310 6.828224e-317 6.952782e-310 6.952719e-310 6.952782e-310 6.952782e-310 6.952782e-310 6.952782e-310 6.952782e-310 6.952782e-310 6.952782e-310 6.952782e-310
6.952782e-310 6.952782e-310 6.952782e-310 1.482197e-323 6.952782e-310 9.881313e-324 7.082348e-317 0.000000e+00 0.000000e+00 9.881313e-324 6.952782e-310 2.819582e-31
2.470328e-323 6.952782e-310 6.952782e-310 7.341707e-317 0.000000e+00 2.819582e-31 0.000000e+00 2.819582e-31 7.070431e-317 6.952719e-310 7.341768e-317 7.052981e-317
7.133079e-317 0.000000e+00 7.572810e-317 0.000000e+00 6.952782e-310 7.341768e-317 7.130585e-317 0.000000e+00 0.000000e+00 6.952719e-310 0.000000e+00 1.471052e-304
1.482197e-323 0.000000e+00 7.077463e-317 0.000000e+00 7.130585e-317 7.341815e-317 6.952782e-310 6.952782e-310 6.952782e-310 6.913430e-310 7.573003e-317 6.913430e-310
6.952782e-310 6.952782e-310 6.952782e-310 7.573003e-317 6.952782e-310 7.052965e-317 6.913432e-310 6.952782e-310 7.341736e-317 6.828224e-317 6.952782e-310 6.913430e-310
6.913430e-310 7.573026e-317 6.952782e-310 6.952782e-310 6.952782e-310 7.341707e-317 0.000000e+00 0.000000e+00 0.000000e+00 6.913430e-310 0.000000e+00 6.913430e-310
0.000000e+00 6.913462e-310 6.952782e-310 6.952782e-310 6.952782e-310 7.130585e-317 0.000000e+00 7.077463e-317 0.000000e+00 7.082348e-317 7.080926e-317 0.000000e+00
7.206519e-317 0.000000e+00 7.082245e-317 0.000000e+00 7.080909e-317 0.000000e+00 0.000000e+00 2.819582e-31 0.000000e+00 0.000000e+00 6.952719e-310 6.952782e-310
6.952782e-310 6.952782e-310 7.130585e-317 0.000000e+00 0.000000e+00 0.000000e+00 6.952719e-310 7.133079e-317 1.471052e-304 7.130585e-317 4.940656e-324 0.000000e+00
0.000000e+00 0.000000e+00 0.000000e+00 6.913431e-310 6.952782e-310 6.952782e-310 6.952782e-310 6.952782e-310 6.952782e-310 7.077463e-317 0.000000e+00 7.130585e-317
7.130585e-317 0.000000e+00 7.080909e-317 6.913430e-310 7.132873e-317 6.913430e-310 6.768699e-322 0.000000e+00 0.000000e+00 6.913431e-310 0.000000e+00 1.390671e-309
0.000000e+00 6.952931e-310 6.952782e-310 1.471094e-304 0.000000e+00 2.121996e-314 4.446591e-323 7.206576e-317 0.000000e+00 6.952782e-310 6.913471e-310 -nan
6.952782e-310 6.952719e-310 6.952782e-310 6.952782e-310 6.952782e-310 7.130585e-317 0.000000e+00 2.819582e-31 0.000000e+00 7.341768e-317 6.952782e-310 6.913471e-310
7.667899e-321 1.185758e-322 7.077463e-317 6.952782e-310 6.952782e-310 6.913470e-310 3.794424e-321 7.588848e-321 6.952782e-310 6.952782e-310 4.891250e-322 3.119334e-312
-nan 6.913430e-310 1.185758e-322 0.000000e+00 7.522194e-317 0.000000e+00 7.522217e-317 0.000000e+00 0.000000e+00 2.631275e-312 0.000000e+00 6.913471e-310
3.130400e-320 0.000000e+00 3.130400e-320 2.819582e-31 7.588848e-321 6.913430e-310 6.952782e-310 0.000000e+00 7.522193e-317 6.913430e-310 7.522217e-317 6.913430e-310
7.522217e-317 6.913430e-310 1.060998e-314 0.000000e+00 3.952525e-323 5.928788e-322 6.952782e-310 7.525711e-317 7.060878e-317 2.819582e-31 -nan 6.952782e-310
9.881313e-324 1.060998e-312 0.000000e+00 0.000000e+00 2.334195e-312 0.000000e+00 0.000000e+00 2.631275e-312 6.952782e-310 7.905050e-323 7.623646e-317 6.913430e-310
4.243992e-314 6.913471e-310 7.905050e-323 7.905050e-323 6.952782e-310 7.095802e-317 7.615860e-317 6.913470e-310 -nan 6.952782e-310 0.000000e+00 1.018558e-312
0.000000e+00 0.000000e+00 2.334195e-312 0.000000e+00 0.000000e+00 2.631275e-312 7.684456e-317 6.913430e-310 6.952782e-310 0.000000e+00 4.940656e-324 6.913471e-310
7.091530e-317 4.940656e-324 6.950772e-317 3.458460e-323 6.952782e-310 6.913430e-310 7.091530e-317 4.940656e-324 7.414261e-317 6.913430e-310 6.952782e-310 5.286502e-322
7.414668e-317 3.458460e-323 6.952782e-310 6.952782e-310 1.398043e-76 1.398043e-76 1.398043e-76 1.398043e-76 6.913471e-310 6.952782e-310 6.913471e-310 -nan
6.952782e-310 1.398043e-76 1.398043e-76 1.398043e-76 1.398043e-76 1.398043e-76 6.952782e-310 6.952782e-310 6.952782e-310 6.913430e-310 6.952782e-310 -nan
6.952782e-310 6.913430e-310 5.296384e-321 4.583587e-312 6.952782e-310 6.913431e-310 5.928788e-321 1.043961e-320 6.952782e-310 6.913430e-310 6.952782e-310 0.000000e+00
-nan 6.913430e-310 6.952782e-310 2.819582e-31 6.952782e-310 6.952782e-310 6.952782e-310 6.913430e-310 7.423056e-317 6.952782e-310 6.952782e-310 7.539197e-317
7.539197e-317 6.952782e-310 6.952782e-310 6.952782e-310 6.950915e-317 6.913430e-310 6.949326e-317 6.913430e-310 7.675013e-317 6.952782e-310 1.496008e-312 6.913430e-310
6.952782e-310 2.069091e-312 8.399116e-323 1.269749e-321 6.952782e-310 6.940475e-310 6.952782e-310 6.913431e-310 6.952782e-310 2.819582e-31 2.128945e-314 4.940656e-324
7.423775e-317 6.952782e-310 6.952719e-310 3.952525e-323 -nan 6.952719e-310 1.482197e-323 1.082218e-312 0.000000e+00 0.000000e+00 2.334195e-312 6.821015e-317
6.913471e-310 0.000000e+00 1.343859e-321 7.410123e-317 6.821086e-317 6.913470e-310 7.114545e-322 6.913471e-310 1.106707e-321 3.458460e-323 7.664666e-317 6.913471e-310
3.952525e-323 9.881313e-324 3.952525e-323 6.821023e-317 0.000000e+00 6.913471e-310 1.264808e-321 6.821015e-317 7.114545e-322 6.913470e-310 6.952782e-310 0.000000e+00
3.952525e-323 5.533535e-322 7.091237e-317 4.940656e-324 7.423775e-317 7.132486e-317 7.519444e-317 4.940656e-324 7.519448e-317 6.913433e-310 7.062435e-317 1.517770e-320
0.000000e+00 6.913433e-310 9.881313e-324 7.410224e-317 1.482197e-323 0.000000e+00 0.000000e+00 7.519464e-317 0.000000e+00 7.519462e-317 6.952782e-310 6.913470e-310
1.976263e-323 9.387247e-323 0.000000e+00 7.519464e-317 0.000000e+00 0.000000e+00 0.000000e+00 7.519464e-317 0.000000e+00 6.913433e-310 6.952719e-310 0.000000e+00
7.200971e-317 7.062435e-317 6.952782e-310 1.482197e-323 1.185758e-321 0.000000e+00 0.000000e+00 0.000000e+00 0.000000e+00 4.047386e-320 0.000000e+00 1.845244e-312
0.000000e+00 0.000000e+00 0.000000e+00 6.952782e-310 4.167444e-320 0.000000e+00 0.000000e+00 0.000000e+00 0.000000e+00 0.000000e+00 0.000000e+00 6.913471e-310
7.410985e-323 7.584319e-317 0.000000e+00 0.000000e+00 0.000000e+00 0.000000e+00 9.881313e-324 0.000000e+00 0.000000e+00 1.482197e-323 6.952782e-310 4.047386e-320
2.470328e-323 2.964394e-323 6.952782e-310 6.952782e-310 6.952782e-310 6.949310e-317 7.423724e-317 6.913430e-310 7.575856e-317 6.952782e-310 7.642223e-317 7.423609e-317
7.376961e-317 6.952782e-310 7.423609e-317 6.952782e-310 6.952719e-310 6.952782e-310 7.423724e-317 6.902058e-317 0.000000e+00 0.000000e+00 7.423775e-317 6.913430e-310
6.952782e-310 0.000000e+00 3.952525e-323 6.913430e-310 6.365989e-314 0.000000e+00 2.121996e-314 0.000000e+00 1.804328e-320 0.000000e+00 1.976263e-323 2.121996e-314
7.062435e-317 1.205520e-321 0.000000e+00 2.144245e-320 0.000000e+00 0.000000e+00 0.000000e+00 4.167938e-320 0.000000e+00 6.191631e-320 0.000000e+00 0.000000e+00
0.000000e+00 0.000000e+00 0.000000e+00 0.000000e+00 0.000000e+00 0.000000e+00 0.000000e+00 0.000000e+00 0.000000e+00 0.000000e+00 0.000000e+00 0.000000e+00
0.000000e+00 0.000000e+00 0.000000e+00 0.000000e+00 0.000000e+00 0.000000e+00 0.000000e+00 0.000000e+00 0.000000e+00 0.000000e+00 0.000000e+00 0.000000e+00
0.000000e+00 0.000000e+00 0.000000e+00 0.000000e+00 0.000000e+00 0.000000e+00 0.000000e+00 0.000000e+00 0.000000e+00 0.000000e+00 0.000000e+00 0.000000e+00
0.000000e+00 0.000000e+00 0.000000e+00 0.000000e+00 0.000000e+00 0.000000e+00 0.000000e+00 0.000000e+00 0.000000e+00 0.000000e+00 0.000000e+00 0.000000e+00
0.000000e+00 0.000000e+00 0.000000e+00 0.000000e+00 0.000000e+00 0.000000e+00 0.000000e+00 0.000000e+00 0.000000e+00 0.000000e+00 0.000000e+00 0.000000e+00
0.000000e+00 0.000000e+00 0.000000e+00 0.000000e+00 0.000000e+00 0.000000e+00 0.000000e+00 0.000000e+00 0.000000e+00 0.000000e+00 0.000000e+00 0.000000e+00
0.000000e+00 0.000000e+00 0.000000e+00 0.000000e+00 0.000000e+00 0.000000e+00 0.000000e+00 0.000000e+00 0.000000e+00 0.000000e+00 0.000000e+00 0.000000e+00
0.000000e+00 0.000000e+00 0.000000e+00 0.000000e+00 0.000000e+00 0.000000e+00 0.000000e+00 0.000000e+00 0.000000e+00 0.000000e+00 0.000000e+00 0.000000e+00
0.000000e+00 0.000000e+00 0.000000e+00 0.000000e+00 0.000000e+00 0.000000e+00 0.000000e+00 0.000000e+00 0.000000e+00 0.000000e+00 0.000000e+00 0.000000e+00
0.000000e+00 0.000000e+00 0.000000e+00 0.000000e+00 0.000000e+00 0.000000e+00 0.000000e+00 0.000000e+00 0.000000e+00 0.000000e+00 0.000000e+00 0.000000e+00
0.000000e+00 0.000000e+00 0.000000e+00 0.000000e+00 0.000000e+00 0.000000e+00 0.000000e+00 0.000000e+00 0.000000e+00 0.000000e+00 0.000000e+00 0.000000e+00
0.000000e+00 0.000000e+00 0.000000e+00 0.000000e+00 0.000000e+00 0.000000e+00 0.000000e+00 0.000000e+00 0.000000e+00 0.000000e+00 0.000000e+00 0.000000e+00
0.000000e+00 0.000000e+00 0.000000e+00 0.000000e+00 0.000000e+00 0.000000e+00 0.000000e+00 0.000000e+00 0.000000e+00 0.000000e+00 0.000000e+00 0.000000e+00
0.000000e+00 0.000000e+00 0.000000e+00 0.000000e+00 0.000000e+00 0.000000e+00 0.000000e+00 0.000000e+00 0.000000e+00 0.000000e+00 0.000000e+00 0.000000e+00
0.000000e+00 0.000000e+00 0.000000e+00 0.000000e+00 0.000000e+00 0.000000e+00 0.000000e+00 0.000000e+00 0.000000e+00 0.000000e+00 0.000000e+00 0.000000e+00
0.000000e+00 0.000000e+00 0.000000e+00 0.000000e+00 0.000000e+00 0.000000e+00 0.000000e+00 0.000000e+00 0.000000e+00 0.000000e+00 0.000000e+00 0.000000e+00
0.000000e+00 0.000000e+00 0.000000e+00 0.000000e+00 0.000000e+00 0.000000e+00 0.000000e+00 0.000000e+00 0.000000e+00 0.000000e+00 0.000000e+00 0.000000e+00
0.000000e+00 0.000000e+00 0.000000e+00 0.000000e+00 0.000000e+00 0.000000e+00 0.000000e+00 0.000000e+00 0.000000e+00 0.000000e+00 0.000000e+00 0.000000e+00
0.000000e+00 0.000000e+00 0.000000e+00 0.000000e+00 0.000000e+00 0.000000e+00 0.000000e+00 0.000000e+00 0.000000e+00 0.000000e+00 0.000000e+00 0.000000e+00
0.000000e+00 0.000000e+00 0.000000e+00 0.000000e+00 0.000000e+00 0.000000e+00 0.000000e+00 0.000000e+00 0.000000e+00 0.000000e+00 0.000000e+00 0.000000e+00
0.000000e+00 0.000000e+00 0.000000e+00 0.000000e+00 0.000000e+00 0.000000e+00 0.000000e+00 0.000000e+00 0.000000e+00 0.000000e+00 0.000000e+00 0.000000e+00
0.000000e+00 0.000000e+00 0.000000e+00 0.000000e+00 0.000000e+00 0.000000e+00 0.000000e+00 0.000000e+00 0.000000e+00 0.000000e+00 0.000000e+00 0.000000e+00
0.000000e+00 0.000000e+00 0.000000e+00 0.000000e+00 0.000000e+00 0.000000e+00 0.000000e+00 0.000000e+00 0.000000e+00 0.000000e+00 0.000000e+00 0.000000e+00
0.000000e+00 0.000000e+00 0.000000e+00 0.000000e+00 0.000000e+00 0.000000e+00 0.000000e+00 0.000000e+00 0.000000e+00 0.000000e+00 0.000000e+00 0.000000e+00
0.000000e+00 0.000000e+00 0.000000e+00 0.000000e+00 0.000000e+00 0.000000e+00 0.000000e+00 0.000000e+00 0.000000e+00 0.000000e+00 0.000000e+00 0.000000e+00
0.000000e+00 0.000000e+00 0.000000e+00 0.000000e+00 0.000000e+00 0.000000e+00 0.000000e+00 0.000000e+00 0.000000e+00 0.000000e+00 0.000000e+00 0.000000e+00
0.000000e+00 0.000000e+00 0.000000e+00 0.000000e+00 0.000000e+00 0.000000e+00 0.000000e+00 0.000000e+00 0.000000e+00 0.000000e+00 0.000000e+00 0.000000e+00
0.000000e+00 0.000000e+00 0.000000e+00 0.000000e+00 0.000000e+00 0.000000e+00 0.000000e+00 0.000000e+00 0.000000e+00 0.000000e+00 0.000000e+00 0.000000e+00
0.000000e+00 0.000000e+00 0.000000e+00 0.000000e+00 0.000000e+00 0.000000e+00 0.000000e+00 0.000000e+00 0.000000e+00 0.000000e+00 0.000000e+00 0.000000e+00
0.000000e+00 0.000000e+00 0.000000e+00 0.000000e+00 0.000000e+00 0.000000e+00 0.000000e+00 0.000000e+00 0.000000e+00 0.000000e+00 0.000000e+00 0.000000e+00
0.000000e+00 0.000000e+00 0.000000e+00 0.000000e+00 0.000000e+00 0.000000e+00 0.000000e+00 0.000000e+00 0.000000e+00 0.000000e+00 0.000000e+00 0.000000e+00
0.000000e+00 0.000000e+00 0.000000e+00 0.000000e+00 0.000000e+00 0.000000e+00 0.000000e+00 0.000000e+00 0.000000e+00 0.000000e+00 0.000000e+00 0.000000e+00
0.000000e+00 0.000000e+00 0.000000e+00 0.000000e+00 0.000000e+00 0.000000e+00 0.000000e+00 0.000000e+00 0.000000e+00 0.000000e+00 0.000000e+00 0.000000e+00
0.000000e+00 0.000000e+00 0.000000e+00 0.000000e+00 0.000000e+00 0.000000e+00 0.000000e+00 0.000000e+00 0.000000e+00 0.000000e+00 0.000000e+00 0.000000e+00
0.000000e+00 0.000000e+00 0.000000e+00 0.000000e+00 0.000000e+00 0.000000e+00 6.913471e-310 6.952782e-310 6.913471e-310 -nan 6.952782e-310 0.000000e+00
0.000000e+00 0.000000e+00 0.000000e+00 0.000000e+00 5.434722e-323 7.905050e-322 6.952782e-310 0.000000e+00 0.000000e+00 6.913471e-310 1.857687e-320 3.458460e-323
3.557273e-322 6.952782e-310 0.000000e+00 6.913470e-310 9.881313e-324 7.905050e-323 6.952782e-310 2.631275e-312 0.000000e+00 0.000000e+00 -nan 6.952782e-310
2.865581e-322 6.913471e-310 7.905050e-322 6.952782e-310 1.581010e-322 1.976263e-323 6.658266e-317 6.913470e-310 5.434722e-323 6.952782e-310 2.470328e-323 6.913457e-310
7.905050e-322 6.913457e-310 7.905050e-323 2.819582e-31 0.000000e+00 2.470328e-323 6.952782e-310 6.913250e-310 6.952782e-310 6.952782e-310 4.940656e-324 2.819580e-31
7.905050e-323 6.952782e-310 6.657641e-317 2.742064e-321 9.733093e-322 6.657641e-317 6.796972e-317 2.742064e-321 9.733093e-322 2.486731e-319 6.952782e-310 6.913470e-310
-nan 6.952782e-310 6.657641e-317 2.742064e-321 9.733093e-322 6.657641e-317 6.796972e-317 2.742064e-321 9.733093e-322 6.913457e-310 6.952782e-310 -nan
6.952782e-310 7.756831e-322 6.636408e-317 2.070135e-321 6.796901e-317 0.000000e+00 5.616103e-317 6.952782e-310 6.952782e-310 6.952782e-310 2.486731e-319 2.486731e-319
6.637203e-317 2.121996e-314 6.952782e-310 8.188130e-316 6.796403e-317 6.796438e-317 6.796474e-317 6.795940e-317 6.795976e-317 6.796011e-317 6.795158e-317 6.796972e-317
6.795229e-317 6.795264e-317 6.795300e-317 6.796829e-317 6.796865e-317 6.796901e-317 6.682250e-317 2.819582e-31 2.121996e-314 0.000000e+00 5.616096e-317 6.657641e-317
6.654961e-317 6.636408e-317 0.000000e+00 0.000000e+00 0.000000e+00 0.000000e+00 0.000000e+00 0.000000e+00 0.000000e+00 6.658242e-317 0.000000e+00 0.000000e+00
0.000000e+00 0.000000e+00 0.000000e+00 0.000000e+00 0.000000e+00 0.000000e+00 6.658266e-317 0.000000e+00 0.000000e+00 5.453529e-312 4.940656e-324 2.819582e-31
0.000000e+00 6.668971e-317 6.668970e-317 0.000000e+00 0.000000e+00 6.952782e-310 0.000000e+00 6.913457e-310 6.952782e-310 2.655085e-317 1.797039e-316 6.658293e-317
6.952782e-310 1.068510e-317 6.668971e-317 6.913457e-310 6.657756e-317 6.913457e-310 6.668894e-317 6.952782e-310 2.946558e-319 2.819582e-31 6.658266e-317 6.952782e-310
0.000000e+00 1.012835e-321 6.952782e-310 6.952782e-310 6.913457e-310 6.913457e-310 6.698266e-317 6.629744e-317 6.629286e-317 1.976263e-323 6.690677e-317 2.819582e-31
6.913457e-310 6.629744e-317 6.629286e-317 1.976263e-323 6.690677e-317 6.913457e-310 6.698267e-317 2.072518e-314 6.952782e-310 0.000000e+00 0.000000e+00 0.000000e+00
6.668894e-317 2.819580e-31 3.237909e-319 0.000000e+00 0.000000e+00 3.237909e-319 2.618548e-322 0.000000e+00 2.213414e-321 2.845818e-321 6.657641e-317 6.629286e-317
6.629744e-317 6.654914e-317 6.654926e-317 6.654961e-317 0.000000e+00 0.000000e+00 1.068510e-317 0.000000e+00 1.793801e-316 0.000000e+00 0.000000e+00 0.000000e+00
0.000000e+00 0.000000e+00 2.121996e-314 6.658293e-317 6.636408e-317 6.913457e-310 6.913457e-310 6.913457e-310 6.913457e-310 6.913457e-310 6.913457e-310 6.913457e-310
6.913457e-310 -nan 0.000000e+00 -nan -nan -nan -nan 0.000000e+00 0.000000e+00 0.000000e+00 0.000000e+00 0.000000e+00
0.000000e+00 0.000000e+00 0.000000e+00 0.000000e+00 0.000000e+00 0.000000e+00 0.000000e+00 0.000000e+00 0.000000e+00 0.000000e+00 0.000000e+00 0.000000e+00
0.000000e+00 0.000000e+00 0.000000e+00 0.000000e+00 0.000000e+00 0.000000e+00 0.000000e+00 0.000000e+00 0.000000e+00 0.000000e+00 0.000000e+00 0.000000e+00
0.000000e+00 0.000000e+00 0.000000e+00 0.000000e+00 0.000000e+00 0.000000e+00 0.000000e+00 0.000000e+00 0.000000e+00 0.000000e+00 0.000000e+00 0.000000e+00
0.000000e+00 0.000000e+00 0.000000e+00 0.000000e+00 0.000000e+00 0.000000e+00 0.000000e+00 0.000000e+00 0.000000e+00 0.000000e+00 0.000000e+00 0.000000e+00
0.000000e+00 0.000000e+00 0.000000e+00 0.000000e+00 0.000000e+00 0.000000e+00 0.000000e+00 0.000000e+00 0.000000e+00 0.000000e+00 0.000000e+00 0.000000e+00
0.000000e+00 0.000000e+00 0.000000e+00 0.000000e+00 0.000000e+00 0.000000e+00 0.000000e+00 0.000000e+00 0.000000e+00 0.000000e+00 0.000000e+00 0.000000e+00
0.000000e+00 0.000000e+00 0.000000e+00 0.000000e+00 0.000000e+00 0.000000e+00 0.000000e+00 0.000000e+00 0.000000e+00 0.000000e+00 0.000000e+00 0.000000e+00
0.000000e+00 0.000000e+00 0.000000e+00 0.000000e+00 0.000000e+00 0.000000e+00 0.000000e+00 0.000000e+00 0.000000e+00 0.000000e+00 0.000000e+00 0.000000e+00
0.000000e+00 0.000000e+00 0.000000e+00 0.000000e+00 0.000000e+00 0.000000e+00 0.000000e+00 0.000000e+00 0.000000e+00 0.000000e+00 0.000000e+00 0.000000e+00
0.000000e+00 0.000000e+00 0.000000e+00 0.000000e+00 0.000000e+00 0.000000e+00 0.000000e+00 0.000000e+00 0.000000e+00 0.000000e+00 0.000000e+00 0.000000e+00
0.000000e+00 0.000000e+00 0.000000e+00 0.000000e+00 0.000000e+00 0.000000e+00 0.000000e+00 0.000000e+00 0.000000e+00 0.000000e+00 0.000000e+00 0.000000e+00
4.940656e-324 0.000000e+00 6.952782e-310 6.913471e-310 0.000000e+00 6.913470e-310 4.940656e-324 4.940656e-324 6.952782e-310 6.952782e-310 6.913472e-310 6.952782e-310
0.000000e+00 6.913470e-310 0.000000e+00 0.000000e+00 9.761181e-313 6.952782e-310 6.952782e-310 6.913462e-310 0.000000e+00 6.952782e-310 0.000000e+00 0.000000e+00
0.000000e+00 2.371515e-322 0.000000e+00 0.000000e+00 6.952782e-310 0.000000e+00 0.000000e+00 4.940656e-324 6.952782e-310 9.881313e-324 6.913472e-310 2.121996e-314
6.952782e-310 0.000000e+00 -nan 2.334195e-313 7.367871e-317 6.913472e-310 0.000000e+00 6.913470e-310 6.952782e-310 6.952782e-310 3.182994e-314 5.039470e-322
1.482197e-323 1.018558e-312 6.952782e-310 6.952782e-310 6.952782e-310 4.940656e-324 6.952782e-310 0.000000e+00 0.000000e+00 6.913471e-310 6.952782e-310 3.952525e-323
0.000000e+00 6.952782e-310 0.000000e+00 2.121996e-314 0.000000e+00 0.000000e+00 3.133541e-308 0.000000e+00 4.421888e-321 0.000000e+00 2.164436e-312 7.812500e-03
6.952782e-310 9.881313e-324 6.952782e-310 4.940656e-324 6.952782e-310 9.881313e-324 -nan 6.913472e-310 6.952782e-310 4.402125e-321 6.913472e-310 6.913470e-310
6.913470e-310 6.913472e-310 4.402125e-321 6.913470e-310 6.913472e-310 6.952782e-310 6.952782e-310 6.913472e-310 6.913472e-310 6.913471e-310 6.913471e-310 6.952782e-310
1.032935e-314 1.613961e-316 6.913462e-310 6.952782e-310 6.913470e-310 6.913470e-310 6.952782e-310 6.913472e-310 5.611471e-317 5.301324e-321 6.913472e-310 6.913471e-310
6.913471e-310 6.913472e-310 5.301324e-321 6.913472e-310 6.913472e-310 5.647170e-321 6.913472e-310 6.913470e-310 6.913470e-310 6.913472e-310 5.647170e-321 6.913472e-310
6.913472e-310 7.238062e-321 6.913472e-310 6.913471e-310 6.913471e-310 6.913472e-310 7.238062e-321 6.913471e-310 6.913472e-310 6.952782e-310 6.952782e-310 6.913472e-310
6.913470e-310 6.913471e-310 6.913471e-310 6.952782e-310 1.119271e-314 1.748861e-316 6.916919e-323 6.952782e-310 6.913471e-310 6.913471e-310 6.952782e-310 6.952782e-310
5.611471e-317 6.913462e-310 1.111648e-321 6.913472e-310 6.319507e-315 0.000000e+00 5.928788e-323 6.913472e-310 6.952782e-310 6.913472e-310 0.000000e+00 6.913472e-310
6.952782e-310 6.913472e-310 4.940656e-323 6.913472e-310 2.470328e-323 0.000000e+00 4.940656e-324 6.913472e-310 2.097446e-314 6.913471e-310 2.121996e-314 0.000000e+00
6.913472e-310 6.952782e-310 4.243992e-314 6.952782e-310 1.119271e-314 6.913471e-310 2.121996e-314 6.952782e-310 6.913471e-310 6.913472e-310 4.446591e-323 6.913472e-310
2.470328e-323 6.913471e-310 6.952782e-310 6.952782e-310 6.952782e-310 6.952782e-310 6.913472e-310 6.913472e-310 2.470328e-323 6.913471e-310 6.952782e-310 6.952782e-310
6.952782e-310 6.952782e-310 4.446591e-323 6.913472e-310 2.470328e-323 0.000000e+00 7.744107e+228 6.913471e-310 6.952782e-310 6.913472e-310 4.658186e-66 4.363180e+251
0.000000e+00 0.000000e+00 7.744107e+228 9.311239e+25 0.000000e+00 0.000000e+00 9.089615e+227 2.865307e+161 0.000000e+00 0.000000e+00 5.224117e+257 2.578476e-57
0.000000e+00 0.000000e+00 1.839289e-80 6.964111e+252 0.000000e+00 0.000000e+00 1.129601e+93 5.388826e+228 0.000000e+00 0.000000e+00 9.483639e-315 1.099648e+248
0.000000e+00 0.000000e+00 0.000000e+00 0.000000e+00 0.000000e+00 4.940656e-324 6.952782e-310 6.913470e-310 6.791411e-317 4.284537e-320 4.446591e-323 6.911212e-317
4.446591e-323 6.952782e-310 6.952782e-310 6.952782e-310 6.952782e-310 6.913470e-310 6.952782e-310 6.913471e-310 4.940656e-324 6.913471e-310 6.952782e-310 6.911212e-317
4.446591e-323 6.952782e-310 6.952782e-310 6.913472e-310 6.952782e-310 6.952782e-310 6.952782e-310 6.952782e-310 6.952782e-310 6.952782e-310 6.952782e-310 6.952782e-310
6.952782e-310 6.952782e-310 6.952782e-310 6.952782e-310 6.952782e-310 6.952782e-310 6.952782e-310 6.952782e-310 6.952782e-310 2.025669e-322 5.192369e-317 0.000000e+00
0.000000e+00 0.000000e+00 4.940656e-323 4.940656e-323 4.940656e-323 0.000000e+00 0.000000e+00 0.000000e+00 4.940656e-323 4.940656e-323 4.940656e-323 0.000000e+00
4.940656e-323 4.446591e-323 7.482723e-317 7.559204e-322 8.695555e-322 6.913457e-310 6.921630e-317 3.903119e-322 4.051338e-322 1.264808e-320 6.952782e-310 0.000000e+00
0.000000e+00 1.581010e-322 6.952782e-310 0.000000e+00 0.000000e+00 6.556923e-317 6.319514e-315 0.000000e+00 6.913467e-310 6.913470e-310 6.952782e-310 6.952782e-310
4.940656e-323 2.343389e+232 1.308187e-319 5.192291e-317 0.000000e+00 6.952782e-310 0.000000e+00 1.264808e-321 5.845342e-317 0.000000e+00 6.952782e-310 6.952782e-310
4.940656e-323 2.343389e+232 1.308187e-319 6.913462e-310 6.952782e-310 6.952782e-310 4.940656e-323 2.343389e+232 1.308187e-319 4.940656e-324 0.000000e+00 6.952782e-310
0.000000e+00 0.000000e+00 2.371515e-322 5.179768e-317 0.000000e+00 6.952782e-310 0.000000e+00 5.845310e-317 0.000000e+00 0.000000e+00 0.000000e+00 6.913472e-310
0.000000e+00 6.882334e-321 6.913472e-310 6.913471e-310 6.913471e-310 6.913472e-310 6.882334e-321 6.913471e-310 6.913472e-310 6.952782e-310 6.952782e-310 6.913472e-310
4.940656e-323 2.081524e-317 2.073333e-317 6.952782e-310 1.956681e-314 3.057313e-316 2.569141e-322 6.952782e-310 6.913471e-310 6.913471e-310 6.952782e-310 6.952782e-310
5.611471e-317 0.000000e+00 1.111648e-321 6.913468e-310 0.000000e+00 0.000000e+00 0.000000e+00 6.913472e-310 6.952782e-310 6.913472e-310 0.000000e+00 6.913472e-310
6.952782e-310 6.913472e-310 4.940656e-323 6.913472e-310 2.470328e-323 0.000000e+00 4.940656e-324 6.913472e-310 1.308187e-319 6.913461e-310 6.952782e-310 0.000000e+00
6.913472e-310 6.952782e-310 2.121996e-314 6.952782e-310 1.956681e-314 2.081524e-317 2.121996e-314 6.913433e-310 6.913471e-310 6.913472e-310 6.913471e-310 0.000000e+00
3.141301e-317 0.000000e+00 0.000000e+00 0.000000e+00 0.000000e+00 0.000000e+00 0.000000e+00 6.913471e-310 0.000000e+00 3.140819e-317 6.952782e-310 6.952782e-310
0.000000e+00 0.000000e+00 6.952782e-310 6.913472e-310 2.470328e-323 0.000000e+00 0.000000e+00 6.913471e-310 6.952782e-310 6.913472e-310 4.658186e-66 4.363180e+251
0.000000e+00 0.000000e+00 7.744107e+228 9.311239e+25 0.000000e+00 0.000000e+00 9.089615e+227 2.865307e+161 0.000000e+00 0.000000e+00 5.224117e+257 2.578476e-57
0.000000e+00 0.000000e+00 1.839289e-80 6.964111e+252 0.000000e+00 0.000000e+00 1.129601e+93 5.388826e+228 0.000000e+00 0.000000e+00 9.563508e+227 1.099648e+248
0.000000e+00 0.000000e+00 0.000000e+00 0.000000e+00 0.000000e+00 0.000000e+00 3.952525e-323 6.952782e-310 6.913471e-310 1.976263e-323 6.952782e-310 6.952782e-310
6.952782e-310 0.000000e+00 0.000000e+00 6.913470e-310 0.000000e+00 0.000000e+00 6.642305e-317 6.921630e-317 4.940656e-324 1.976263e-323 6.952782e-310 6.952782e-310